
 Intensity :0.2 RMSE: 1.3766824052141369 NLPD: 3.0918114407631037
 Intensity :0.5 RMSE: 1.8131366271327232 NLPD: 5.227769759584582
 Intensity :0.8 RMSE: 1.7393174709344785 NLPD: 10.15583723815428