
 Intensity :0.2 RMSE: 0.41329680531067636 NLPD: 1.3887870440029249
 Intensity :0.5 RMSE: 0.647099163395323 NLPD: 3.4008255817404103
 Intensity :0.8 RMSE: 0.4495176633825709 NLPD: 5.212159372619643