
 Intensity :0.2 RMSE: 0.4256867668656452 NLPD: 1.2159531020398766
 Intensity :0.5 RMSE: 0.5882245369640422 NLPD: 2.284889374690701
 Intensity :0.8 RMSE: 0.3908937215194394 NLPD: 0.36794495751883133