
 Intensity :0.2 RMSE: 0.6149146110310199 NLPD: 1.7057448873529477
 Intensity :0.5 RMSE: 0.7640820180919354 NLPD: 3.1462488847231946
 Intensity :0.8 RMSE: 0.5753776382336676 NLPD: 4.954757317621183